"gg" "rda" "rda_conf" "rona" "rona_conf" "gf" "gf_conf" "distance"
"1" 0.603513730236668 0.62095228163383 0.603513573472205 0.594877862894657 0.584779685563937 0.60498605218088 0.687406810272867 4.95739242156734e-05
"2" 0.615241658473127 0.6182124289021 0.615241639609064 0.585268775561278 0.586262681426275 0.601257371206627 0.633155936300019 0.0320584069092998
"3" 0.687071023034213 0.68902394201696 0.687070983015955 0.613894817057414 0.619985903103839 0.613736502640184 0.635528862820836 -0.00997365818253204
"4" 0.55234914726746 0.54558510637092 0.552349187201576 0.519278911958297 0.524493294057612 0.536791811113405 0.620649160900414 -0.0081331831337208
"5" 0.546447982497999 0.544783361849028 0.546448008204058 0.531058643469259 0.53785604307602 0.573916217931799 0.686911405726505 0.000234213912310155
"6" 0.632290013960393 0.634723609610353 0.632289981993897 0.640228035002744 0.642838699718046 0.600745347143174 0.699068155733166 -0.00858482457957743
"7" 0.643090283629766 0.641745271742762 0.643090291699762 0.593309632884738 0.611644647458113 0.656173304108159 0.734278448362388 -0.00645170952874996
"8" 0.642668709063881 0.653184776812053 0.642668694473734 0.619459135114016 0.613307666413078 0.606133046741286 0.622915148804461 0.0333051619778277
"9" 0.545295233659681 0.537536356056449 0.545295300059218 0.491832361527991 0.503009511889716 0.512477048806699 0.534685082003668 -0.00952917826315169
"10" 0.621896778936297 0.622664541899477 0.62189676553787 0.573570424943402 0.580272313670399 0.572812582622045 0.672562468092689 -0.00409870974633719
"11" 0.730143216587498 0.73118574710632 0.73014323500742 0.687938971763649 0.689822621535002 0.668492984030331 0.739358254647737 0.00523050295294358
"12" 0.499896935217798 0.499473222382818 0.499896996812519 0.486659422072479 0.49146956163324 0.485927126279997 0.564381302369951 -0.00874141471233769
"13" 0.66085180496706 0.656967672043896 0.660851834386728 0.600184873099893 0.6081564817892 0.659922269759341 0.710982131988262 -0.00738385806279473
"14" 0.673670696527101 0.670267938385428 0.673670707520589 0.612300557832018 0.616977547059631 0.621249713891415 0.625251186122647 -0.0101545289790601
"15" 0.599346678624985 0.602609839917777 0.599346650752799 0.561895169951258 0.567479901639206 0.59470978843539 0.661119007083695 0.00195848263856768
"16" 0.578177016394828 0.579034501645381 0.578177008497582 0.584960618428912 0.581587307706523 0.597067071115208 0.670298804180354 -0.00702631436129564
"17" 0.604688907321483 0.606020767129937 0.604688898041686 0.580647639461964 0.57382099558184 0.566350004629297 0.656629414784567 0.00537061400535266
"18" 0.558713999777289 0.55523660615921 0.558713985376694 0.527571488225729 0.539216994878422 0.561202884318676 0.611943120635329 -0.0066979797493163
"19" 0.684587810742618 0.686980107423428 0.684587789014201 0.642518803267205 0.639369954204468 0.628135717502812 0.679936241412246 -0.00270938672128751
"20" 0.552744168102914 0.533670056949099 0.552744267692143 0.526986119845985 0.546205638237684 0.608050138651241 0.672933928267876 -0.0084291619876522
"21" 0.61715876718987 0.60903193772674 0.61715882357841 0.566921641656062 0.579267532327876 0.586615504924933 0.6547255389465 -0.00626875611100131
"22" 0.709814405109113 0.710672332158118 0.709814396023952 0.642908688726236 0.64959584157187 0.612774962567885 0.679806833313471 -0.00846609166817602
"23" 0.607740683484583 0.607373705772717 0.607740672245344 0.607706483417542 0.606044343132061 0.607638130118262 0.628608734576357 -0.0053219358832941
"24" 0.729463454457623 0.73245627773801 0.729463429130143 0.654879918256698 0.664000252027036 0.676659779713245 0.661185705472192 -0.00489521529585035
"25" 0.567968929998554 0.566693402892636 0.567968929661182 0.568051327890074 0.571435051963314 0.640457778713363 0.679409060297389 0.0227562299825261
"26" 0.569264425596604 0.602762298206479 0.56926421812854 0.608514948826412 0.593698344779046 0.667613944075237 0.695379331552527 -0.00625945836185915
"27" 0.580636628993554 0.588837591760419 0.580636564411611 0.561500463343117 0.561235097667167 0.570494551280682 0.647096678821015 0.0212616722739708
"28" 0.710973906265714 0.709302138995636 0.710973911734746 0.666227053151438 0.667684976632195 0.665798782813345 0.736038737567872 -0.00780033527003576
"29" 0.690430185399409 0.683570132694239 0.69043020748321 0.600292069800989 0.612740367400114 0.629808196296375 0.700788512670669 -0.00753259698953945
"30" 0.665146466131017 0.662956629730692 0.66514648214355 0.612656243904672 0.606338293029654 0.606464455072183 0.596663054205886 0.000238841699532255
