"gg" "rda" "rda_conf" "rona" "rona_conf" "gf" "gf_conf" "distance"
"1" 0.579957347570742 0.594972668237041 0.579957143688589 0.568961635643093 0.558514720177003 0.490639098712553 0.449652719568735 0.587629621076771
"2" 0.600282106305181 0.601300991066532 0.60028208125632 0.573609406846596 0.576083316803269 0.586489053313367 0.550802442279273 0.597879404780817
"3" 0.657361986117552 0.645385377490462 0.657361970182827 0.548026127954173 0.559869359009989 0.554064703785703 0.514807095840475 0.657052243943756
"4" 0.555190718557707 0.548101269765064 0.55519076565274 0.530103722828965 0.532440685246489 0.457204932360883 0.412632157087183 0.536151805409526
"5" 0.540443433888742 0.547301533776909 0.540443383412117 0.525292945887701 0.523006684986388 0.438790485703626 0.361860491336455 0.551613341054654
"6" 0.62088965249823 0.621442514818644 0.620889606086171 0.626653243887621 0.627198250089942 0.574565496317226 0.528125703193957 0.607765985311888
"7" 0.630123593686255 0.633594239415103 0.630123596883276 0.572781451861802 0.576426308701863 0.561308779595592 0.50039536400107 0.634745084938639
"8" 0.616848315964987 0.609323367642329 0.616848361267374 0.581109989914105 0.587382980309743 0.623118302295373 0.603348659581359 0.674898444198167
"9" 0.540750354617859 0.54723493580537 0.540750362999591 0.496143843713672 0.487919408099081 0.478719581738181 0.384825414569426 0.539110271202226
"10" 0.6097869970539 0.617264520632282 0.609786941183911 0.569862082678216 0.56693923646834 0.467487315065846 0.424226147433493 0.612997628033851
"11" 0.728739554586737 0.723226368435772 0.728739602327195 0.688767671867827 0.687286816572539 0.60616707324046 0.54442759698773 0.71542093614367
"12" 0.475959814465545 0.487663663960886 0.475959848020876 0.468814654441441 0.453391254272404 0.470164331107098 0.416464357836829 0.521341441920508
"13" 0.651829853028268 0.647659596293227 0.651829844857058 0.589013604669498 0.597969397635452 0.576271801889467 0.522457332758573 0.639575510491076
"14" 0.674771424325752 0.675924502355542 0.674771421065737 0.618740324185345 0.617666906683325 0.652277410060838 0.644635420564847 0.667538179370512
"15" 0.566164619229685 0.570467443507685 0.566164554320321 0.534909799791176 0.53404976313073 0.482094532212997 0.453435949219122 0.612954073108322
"16" 0.573121075498276 0.574604307340264 0.57312105287338 0.568552380411842 0.564977717901855 0.482893053903545 0.346621193823727 0.568265161738406
"17" 0.600278375078583 0.604889830382381 0.600278338607954 0.57999886820479 0.577390511568441 0.45551649589303 0.397466685749848 0.586533379488182
"18" 0.528633642727768 0.54317343365613 0.528633476337968 0.514332638353211 0.50728281694286 0.475812358681655 0.433317188293886 0.562224789545879
"19" 0.676944335820913 0.676092319968453 0.676944311605088 0.628083913369558 0.625647867365693 0.569979169516995 0.548537908845416 0.698797616662275
"20" 0.558977886641625 0.555137362627292 0.558977962888493 0.554978151169066 0.552753410146224 0.532459404620896 0.471091625015433 0.547703807666198
"21" 0.626234781000568 0.620327805115334 0.62623481012475 0.589191465981051 0.591259056398297 0.467218245080409 0.390131964772366 0.631431333527314
"22" 0.710194356847347 0.710875063266815 0.710194346449581 0.650974689260843 0.654416070027949 0.593065825729957 0.491771971498322 0.702592347295642
"23" 0.576779495600134 0.571229668202245 0.576779484028286 0.582195067760675 0.584859435247138 0.60627749868692 0.571596849374778 0.618112035726453
"24" 0.70730655467586 0.703355835206584 0.707306539584688 0.639842738902612 0.640983189809884 0.650143497214691 0.582175434455368 0.71879499309507
"25" 0.554915150190697 0.560378990583868 0.554915117194697 0.553997439031729 0.554371293190723 0.561379354133303 0.501165672746738 0.574579486483049
"26" 0.479055352003634 0.508386755476041 0.479055085988533 0.490312602973962 0.472986981476834 0.596710828275761 0.542336614316884 0.628805694273288
"27" 0.569930498548497 0.575738716176727 0.569930409867651 0.548164418546605 0.552069912915607 0.56635304932703 0.504458323130177 0.581358384356148
"28" 0.715720514895001 0.715157606525453 0.715720493486261 0.66929247881308 0.671285640298761 0.62537947469942 0.532362789668113 0.682420822485589
"29" 0.69147458856022 0.689911454227773 0.691474563908856 0.597903025078302 0.604652736821527 0.585442249053581 0.535829009331297 0.669108403873593
"30" 0.671160876450973 0.661071369700337 0.671160923128345 0.609672658821072 0.61752433717269 0.600691443919317 0.618067987826048 0.651798476277838
