"rda_pc" "rona_pc" "gf_pc"
"1" 0.533772347766061 0.547441235448333 0.470524575724603
"2" 0.568324007943413 0.562489226227387 0.567478613603972
"3" 0.708348164430436 0.642565564774564 0.515436919402002
"4" 0.528065960328534 0.520079316448111 0.401148729738845
"5" 0.470312581561595 0.47972027606986 0.372945296820217
"6" 0.624443246453221 0.628469908101774 0.540196966455745
"7" 0.62774119661131 0.591140793071168 0.506109983529607
"8" 0.605499998021884 0.602556036037476 0.577582162321936
"9" 0.513254769119866 0.475203799501956 0.392623728083996
"10" 0.56533044323665 0.549829379584702 0.419637179513769
"11" 0.696184203862738 0.656949128566211 0.530205629807854
"12" 0.505027001137109 0.501878537143334 0.438385867297726
"13" 0.660044036796572 0.613193053511958 0.500592985454432
"14" 0.676262946242722 0.619537053019793 0.653586098769322
"15" 0.595549474793165 0.564092271545599 0.460497594779116
"16" 0.516355880317822 0.548526055184879 0.383710771332229
"17" 0.597224850502669 0.574946914146887 0.406073050541173
"18" 0.551743585297477 0.523833141019363 0.477763238772721
"19" 0.687007754329798 0.644118003329232 0.579205817655676
"20" 0.570870878301591 0.565551306098584 0.499956062144037
"21" 0.599346468140446 0.57117698023862 0.404724250805528
"22" 0.609232092853817 0.565547849671905 0.510860512901495
"23" 0.625592435040102 0.615427864659593 0.592800841665442
"24" 0.679687309543514 0.656427140700936 0.590323893052886
"25" 0.578670665737808 0.569885494458028 0.51328035858985
"26" 0.639651389248159 0.632101162390122 0.555284141650643
"27" 0.473639071852987 0.470833462688817 0.519449858080129
"28" 0.703507495634172 0.668693190753887 0.536603434188791
"29" 0.473119763788601 0.473577037706504 0.528603701495066
"30" 0.586999042996101 0.599394046262132 0.609003856023319
