"gg" "rda" "rda_conf" "rona" "rona_conf" "gf" "gf_conf" "distance"
"1" 0.788327269843522 0.789278997260117 0.788327261233128 0.692907992115427 0.695571322977429 0.681033459100525 0.684664470910719 0.795458594026865
"2" 0.653800657514498 0.65472423015019 0.6538006434189 0.611395805332 0.60837581855407 0.496341686602423 0.470047882188963 0.637377619560616
"3" 0.734923432494823 0.738351369752884 0.734923427149858 0.677904836710821 0.682450319974433 0.618843928022872 0.615397700994631 0.733300069090083
"4" 0.68393095975012 0.696546795304566 0.683930915724181 0.594137532787656 0.572544902120262 0.541190059673924 0.561035718540779 0.730036053962008
"5" 0.744495116955826 0.742350638617506 0.744495133777413 0.721504204015806 0.720722177309008 0.624086895974896 0.710619603882251 0.721783529760228
"6" 0.743600761512372 0.746256535154267 0.743600748267992 0.724164983148723 0.726708521466664 0.629242329003378 0.647844655018074 0.738236793585199
"7" 0.647784882849516 0.643325760477415 0.647784894334388 0.584856767926911 0.589270258565743 0.552833753051512 0.583799799715056 0.63317087160455
"8" 0.787508620949422 0.795555332437034 0.787508579639448 0.692112583809641 0.691605961180029 0.688157585485915 0.696538540035058 0.78125980521075
"9" 0.638020120027409 0.636722958387783 0.63802013386979 0.640323376736206 0.634628082748053 0.506254798641632 0.542622417239752 0.638855798848014
"10" 0.734284486737562 0.740882920037067 0.734284420613518 0.687754540520214 0.682925501085884 0.640040042467658 0.675750034020942 0.754063129505695
"11" 0.805904538885049 0.805730718284989 0.805904536126012 0.729553112723863 0.727874543290558 0.649426759794289 0.699252761822328 0.757237446433325
"12" 0.786349767053613 0.785949377982368 0.786349767848081 0.723725289617746 0.72698599646935 0.664640466922683 0.673184726819505 0.775898715287512
"13" 0.644277438825953 0.640827747140447 0.644277409407651 0.600242529912252 0.599438606339567 0.432470076814095 0.448478945499224 0.675547571283284
"14" 0.781797011529394 0.783594109791804 0.781796997564771 0.701076266683467 0.696930244844395 0.57811274479729 0.566783816975202 0.789278850810029
"15" 0.738521375668152 0.744717204389102 0.738521359856163 0.717220083446845 0.714149079646998 0.65168206176013 0.636421933233887 0.742438170918852
"16" 0.715646448435413 0.716480596495464 0.715646447953445 0.669468968186614 0.670125657489495 0.480828558606495 0.453414530586349 0.683746854231384
"17" 0.750322880363165 0.752817972665219 0.75032287752328 0.664934178878558 0.662731492894901 0.609117548134135 0.617179340376966 0.706315655287823
"18" 0.681204262210096 0.69052068253228 0.681204221113248 0.651659596920213 0.641248625169624 0.565256603909473 0.591300467872855 0.682111356721722
"19" 0.755729989491866 0.754688232457573 0.755729992444824 0.690273882364901 0.69429585271654 0.613863159234068 0.57504853977164 0.739145814348068
"20" 0.618873837506839 0.611125065088832 0.618873814036119 0.569037957308579 0.577028705377174 0.57328688058794 0.612794467560624 0.630719290044758
"21" 0.69404465099365 0.702378212064336 0.694044610516881 0.626775755481085 0.616981728066601 0.469512448973644 0.580275989740546 0.703117026773163
"22" 0.797761420400918 0.806491503762493 0.797761401206146 0.702380149610509 0.695254440475083 0.615089528945141 0.576146800235226 0.805885609250518
"23" 0.759900533762023 0.762137879983651 0.759900512380288 0.721495769532728 0.727107836179097 0.653866543570941 0.682595756648281 0.715172717834621
"24" 0.71620965056776 0.710418343621546 0.716209669013831 0.678796218288765 0.682488716937057 0.663936605154841 0.691803477707365 0.715347872136122
"25" 0.693454750491292 0.692850447295903 0.693454794027708 0.669107619288581 0.675663434002819 0.526213894858246 0.592176678701262 0.711018500657421
"26" 0.690577297173797 0.692194142717524 0.690577297496972 0.66389928433962 0.66194781631639 0.560597570334192 0.604241515835556 0.681418555694545
"27" 0.644936381081846 0.641205819862661 0.64493632205507 0.622813299409237 0.627083602136524 0.417089538787681 0.433732714111984 0.705421075378282
"28" 0.663407395141396 0.659333753260831 0.663407393384127 0.612491782202463 0.618861054989987 0.512234159917683 0.53044843298376 0.675034731140175
"29" 0.672454097768797 0.664850340678321 0.672454089526078 0.622892610762656 0.631110218169923 0.540080309321679 0.617351181522879 0.720574150397878
"30" 0.703487156743725 0.709003645061213 0.703487126479918 0.70459908766847 0.702648356610577 0.641010826827439 0.62904878630945 0.707591586709507
