"gg" "rda" "rda_conf" "rona" "rona_conf" "gf" "gf_conf" "distance"
"1" 0.804204891115716 0.803833038405262 0.804204893251229 0.757200062871825 0.763874349566519 0.746077831885853 0.611064858922749 -0.0101291697640553
"2" 0.65185209617948 0.650323327564342 0.6518520972506 0.620650187893473 0.617432680186915 0.633739947322414 0.53225470352199 0.0021512242587659
"3" 0.740904900171302 0.739783790351791 0.74090490146933 0.688450998861998 0.696819908320281 0.666254820229094 0.53183586149405 -0.00759992131645415
"4" 0.731157169844404 0.733874308222037 0.73115716319751 0.673995077201795 0.665121643120468 0.673216118070349 0.586354589565779 -0.00818156934451064
"5" 0.734786576592479 0.732086943888176 0.734786593156558 0.716653979594956 0.722412292422025 0.697740068922896 0.591192850076985 0.000524459783273201
"6" 0.744563326325437 0.748155584505624 0.744563313909692 0.722116309522163 0.722185465057067 0.704177404451327 0.608758537118107 -0.00985344081591699
"7" 0.659306863286494 0.660595206512526 0.659306866300943 0.614950826930078 0.613337089069347 0.597595887403784 0.542128291793924 -0.0083340537896206
"8" 0.781218869772026 0.784483663538257 0.781218856434026 0.700474911077621 0.70251869171995 0.697682933474332 0.5650057909648 -0.00993107218851641
"9" 0.645426350688311 0.641172605745185 0.645426363542924 0.636211817713703 0.636291644304974 0.580960605902072 0.468130346930936 -0.0082013474617002
"10" 0.755656976613645 0.759730050519825 0.755656948429276 0.725474728350878 0.724665993251246 0.718080711790212 0.659439734757307 0.00831272769557456
"11" 0.795942371009464 0.795341339200291 0.795942371303332 0.723972454675052 0.73159563974756 0.70643290042342 0.631765484984336 -0.00124663481075848
"12" 0.77876088331496 0.779832841151083 0.778760890748971 0.733408922813925 0.72905802717123 0.737606880975376 0.611273646015256 -0.0072102988670244
"13" 0.666714360936688 0.668543140616939 0.666714343319744 0.655919022703156 0.653375335882625 0.580403991506086 0.461735296424976 0.0095824304716442
"14" 0.789735275947445 0.791371595299679 0.789735269762863 0.728690457938397 0.718519347793523 0.662396778229722 0.549982840320331 -0.00466029533694545
"15" 0.745123466406677 0.74080242227154 0.745123471940256 0.723593420663932 0.735114684130177 0.696469936795126 0.57388104071401 -0.010117750299762
"16" 0.710780461774322 0.708271631262419 0.710780467207218 0.672566901902857 0.67707379451782 0.610053235429767 0.47048070681358 -0.00928793804058103
"17" 0.760229698355119 0.760713019858908 0.760229701612911 0.683923055891719 0.68679490059926 0.65246699881489 0.630397650671776 -0.00840369374606409
"18" 0.69314922500052 0.692846356810507 0.693149223643134 0.660710988087072 0.665047501829085 0.59014697023682 0.502747962751622 -0.00940788979485929
"19" 0.753026379857235 0.752376354717912 0.753026385549992 0.69044150555849 0.700224746048625 0.649939141658169 0.50893786606722 -0.00978941196091143
"20" 0.652340618231865 0.657159414231885 0.652340595133069 0.625572168936441 0.625817487162995 0.552721271474357 0.440616568732259 -0.00362291980930296
"21" 0.712034185677051 0.712364208052099 0.712034181576143 0.670623284340714 0.668934583321978 0.622055091280678 0.446496647311311 -0.00707910237534115
"22" 0.810002677163306 0.808509644554772 0.810002685817988 0.722540235955792 0.733276225271997 0.697587782828072 0.647120967852922 -0.0101791230744399
"23" 0.756962741259197 0.746492024821365 0.756962762800377 0.722021032760153 0.728467457713998 0.697832549455167 0.648156969620782 0.00100547826242314
"24" 0.725925728775043 0.726944647521077 0.725925731878467 0.707223207849937 0.701270955049578 0.673532055039784 0.593156199124009 -0.00296962734567541
"25" 0.713942725878313 0.703368152798274 0.713942754959993 0.705816342522658 0.715122751879708 0.663279840876109 0.566684680558834 0.0168025797948987
"26" 0.690658072454479 0.6901975381098 0.690658073170608 0.663691216133795 0.666164440383324 0.627074352890022 0.472917447484742 0.0189822040211124
"27" 0.690029716240205 0.696899252845051 0.690029678519782 0.695249384861918 0.687113369353526 0.621348284678921 0.426869361757542 -0.00426288715887435
"28" 0.67254865162283 0.672598829185618 0.672548650933911 0.652033294205958 0.651348054010714 0.623600937682086 0.48284400433157 -0.00796803509745403
"29" 0.699672252487737 0.704630884548963 0.699672235137848 0.670617113505223 0.665813527450643 0.660457156279559 0.588271299203504 -0.0088621217837257
"30" 0.705439850795404 0.705862058585349 0.705439850973899 0.704050600497163 0.705675760976917 0.670689168910809 0.575993351439994 -0.00736426379996669
