"rda_pc" "rona_pc" "gf_pc"
"1" 0.784329026652603 0.765493771234303 0.637729781528378
"2" 0.600245115508108 0.586424323833209 0.413332807719567
"3" 0.710245360130502 0.657549691373877 0.580844097303925
"4" 0.559285371638029 0.558758439215889 0.569420652996818
"5" 0.657236546720591 0.658562847072912 0.682335760598256
"6" 0.678616913351438 0.699517274745506 0.594168224714428
"7" 0.641184790961589 0.584449770672987 0.559264880823598
"8" 0.533655508078249 0.61397700604197 0.649987606276006
"9" 0.642582694543534 0.634218243582062 0.508028733626543
"10" 0.724807050704112 0.716233492078068 0.663906751872396
"11" 0.652101458600922 0.689652308383029 0.683557992881133
"12" 0.640510604608992 0.673381641626037 0.58197678717694
"13" 0.63289627185091 0.609165953345926 0.404488008216243
"14" 0.786448346067985 0.718378571020345 0.531262846744025
"15" 0.568110335988299 0.602355889735788 0.636702959944637
"16" 0.688747756495622 0.682254968331797 0.434497933687219
"17" 0.760515096675148 0.687108571218422 0.626452248158758
"18" 0.690376682566286 0.662793008731005 0.532960643486105
"19" 0.72091725830233 0.622491669876184 0.548545187529623
"20" 0.640184815292597 0.615421170617272 0.594663140975766
"21" 0.692121489474329 0.652674817290828 0.58408207007892
"22" 0.734787331754728 0.630055062668215 0.619926381588095
"23" 0.656498706193989 0.671434405425093 0.68838178437802
"24" 0.650661393263011 0.68329426216467 0.66393554045458
"25" 0.72117244172527 0.718307324113357 0.514711361152087
"26" 0.667688152673794 0.652211413140051 0.604342587826623
"27" 0.704653478968156 0.695106382818915 0.391180717709104
"28" 0.627543233116898 0.629010422873853 0.512205729923393
"29" 0.697951356021891 0.658932999283181 0.566353950586055
"30" 0.676811201827417 0.697735914292875 0.658460059322498
