"gg" "rda" "rda_conf" "rona" "rona_conf" "gf" "gf_conf" "distance"
"1" 0.685425580469972 0.671779941191815 0.68542565801811 0.626144652869294 0.642938226179402 0.633293804098794 0.589070952977962 0.645793580051103
"2" 0.655522158065591 0.64732477493742 0.655522243621499 0.591843074588572 0.606046704006547 0.620511450167269 0.522580396752299 0.683068050343135
"3" 0.640983150999206 0.623726489724355 0.640983394897934 0.617664260836744 0.637404268352127 0.663542755630401 0.584039353030514 0.695052312457703
"4" 0.666221641205 0.672824562320753 0.666221548913804 0.6818249993947 0.689858988914334 0.715780078716929 0.624000208296501 0.713245708502514
"5" 0.704603166509375 0.691860603821557 0.704603274097554 0.720068532788813 0.721458773759231 0.704091942212315 0.595419673432442 0.762545596331954
"6" 0.658959599504943 0.659023017074069 0.658959633757744 0.646451168830352 0.6484344002735 0.524678309330689 0.475067916018504 0.669500969073894
"7" 0.764006830529692 0.748963682774322 0.764006970862267 0.714111119553695 0.717083340650894 0.684063899702809 0.640869360251998 0.783205614345575
"8" 0.748275239774444 0.751626509624638 0.748275233574271 0.700423467078544 0.69301221636926 0.69373434463362 0.65194254440607 0.76565733540861
"9" 0.660036753608551 0.646259261103893 0.660036908398404 0.649212818733764 0.649562527069164 0.650462590035636 0.635319734255244 0.735596383211019
"10" 0.645511941038826 0.63155229176423 0.64551208768259 0.62666724945928 0.625221737323904 0.604726829854776 0.57976028859296 0.67008867841371
"11" 0.759237393001466 0.754097747465249 0.759237447969265 0.724971243471549 0.732217023642104 0.710546893451758 0.589772878578162 0.778188120318604
"12" 0.715758241410543 0.714087410680852 0.71575832705097 0.693385834001028 0.700225817499541 0.704277270004282 0.566894285831273 0.727915729165257
"13" 0.719085905173829 0.699309304154228 0.719085989421132 0.672783593347129 0.68851287524657 0.651393333064714 0.594321760645202 0.715409228738297
"14" 0.646115106497122 0.640436592430046 0.64611518862929 0.653591993714233 0.651064721428263 0.582845235187159 0.564545231447105 0.687867079009162
"15" 0.69087289462209 0.677244568640543 0.690873033238301 0.675698678967622 0.67557725306954 0.635458414398842 0.603275662510396 0.690871985255576
"16" 0.647040261433012 0.641167259103596 0.647040282378213 0.670688073825199 0.662175258818038 0.643149654882831 0.492844693746608 0.671392640290407
"17" 0.664503973221622 0.644969201587356 0.664504104742579 0.625287395160468 0.625091112549791 0.641158131006843 0.557881414945583 0.683799348469761
"18" 0.66487845230073 0.655357311304249 0.664878600871276 0.635847040253699 0.649758218569417 0.644620336876532 0.559721200554449 0.687106172699331
"19" 0.674682036240367 0.674634109294906 0.674682076184599 0.657728317568415 0.656430994979285 0.658449056570551 0.646353944008837 0.700902298412996
"20" 0.773755365027469 0.764714424374326 0.773755416821527 0.744613515187395 0.748884244351939 0.725259211671901 0.580035613253887 0.769124429053275
"21" 0.725336004681536 0.716107464027906 0.725336119594016 0.68227081993605 0.696776403041629 0.691514754221874 0.629185132001394 0.733613794887317
"22" 0.699617791952283 0.710068229235078 0.699617738096879 0.647870644220521 0.665514461928053 0.647185646338293 0.604782778269999 0.73983104318542
"23" 0.803915158436029 0.797625245717354 0.803915182796822 0.730497390104998 0.729195697185258 0.723987085015112 0.606256173345245 0.78073371285986
"24" 0.666902180243463 0.665365218422953 0.666902220590191 0.66210838105521 0.659343741315959 0.671224161741555 0.600484737333359 0.688612547813625
"25" 0.683421789880983 0.685612751714972 0.683421827952532 0.644353660624145 0.644908267665742 0.629029006799773 0.596053700646292 0.732464581223662
"26" 0.729726633538721 0.706450457464884 0.72972671544645 0.709731381121276 0.721693090878415 0.709980989431252 0.67657094669645 0.745736251867044
"27" 0.706018843971756 0.684852082140209 0.706018959038841 0.678412814553387 0.676883524669298 0.663156209019484 0.647566223755568 0.708246444366667
"28" 0.695718469904015 0.692077368276784 0.695718495262652 0.642034616337277 0.657680978452038 0.669383831889714 0.577469941278535 0.687037772511
"29" 0.607168796499899 0.607185740709912 0.607168828321098 0.588145961570789 0.590838126251578 0.591640534375136 0.51573660300896 0.608369392345465
"30" 0.690795684729459 0.687558431798409 0.690795686888914 0.653856342422781 0.653995791084479 0.651643570596915 0.603842758296034 0.682818788816085
