"gg" "rda" "rda_conf" "rona" "rona_conf" "gf" "gf_conf" "distance"
"1" 0.678135915267976 0.667635336946174 0.678135986876908 0.601435954164332 0.628276285043624 0.614810962142763 0.546997969991381 0.685495996644553
"2" 0.647224953801394 0.646296569443844 0.647225028664853 0.57013239180972 0.578712349056336 0.604807314272456 0.551470943072027 0.686242807633733
"3" 0.666112765957857 0.649698458844874 0.666112950164863 0.614515702897776 0.646601465637335 0.624813239101444 0.606382783070254 0.705766956249346
"4" 0.632712263827306 0.628095949542179 0.632712231440507 0.629990466393496 0.64809479074927 0.63574323154558 0.63332817226191 0.710939380974024
"5" 0.665167154634949 0.65920655916801 0.665167279027244 0.657223908912002 0.667219223098061 0.643955855392769 0.60453017894634 0.769922051690359
"6" 0.613627090730465 0.612047410526338 0.613627153509367 0.583660139115802 0.590259496303644 0.489676232406605 0.494919155825574 0.641037936030003
"7" 0.758827065492756 0.754584633468439 0.758827172914574 0.697750070903248 0.703295255841587 0.553677729792561 0.552335002740972 0.780601809859067
"8" 0.738732853090543 0.741410052527086 0.738732822412935 0.673294116067473 0.674392501226184 0.662554194425787 0.648111582588229 0.754741560080744
"9" 0.603076390226287 0.580358587348817 0.603076620902083 0.566257387395903 0.580812805083685 0.55418089071101 0.537176838175465 0.70646971031733
"10" 0.637457677755395 0.620026173222614 0.637457879734954 0.607260361628366 0.608048661318171 0.592680634210708 0.611142700209292 0.664274696674311
"11" 0.721347101707309 0.717822671234787 0.721347152848912 0.655306433242433 0.672457476427035 0.666998508666468 0.61000024944897 0.777465628279013
"12" 0.688033718483889 0.677613081178498 0.68803389110646 0.649371302558034 0.662850451477911 0.581565177594957 0.49629504083955 0.701312143585535
"13" 0.723184027990706 0.711624599967056 0.723184090383771 0.656007498950336 0.673409623213203 0.557573941220823 0.599731798361823 0.702483602816888
"14" 0.596491142735567 0.598857971470819 0.596491233909283 0.590903345427002 0.573384890900849 0.495514719309393 0.522443208440954 0.68275746792497
"15" 0.68317434892486 0.666726797196976 0.683174545531392 0.670021652665446 0.669775346995398 0.575139457271349 0.495301409634302 0.692311789896106
"16" 0.611583808403375 0.600926766595776 0.611583835607211 0.626447087267525 0.632274694371227 0.585359938262 0.539250160275301 0.671553696401283
"17" 0.673141221693837 0.661586034933263 0.67314134815553 0.63251831491701 0.638758927895523 0.620563565701544 0.555036847201663 0.692274592230888
"18" 0.639234324503459 0.626797475683058 0.639234523984614 0.59699329686396 0.602509402110215 0.585089302426988 0.507098085501205 0.705027220191084
"19" 0.656915487153577 0.653168063340579 0.656915543324248 0.602555868624823 0.61055460927041 0.582981488487897 0.546299996560483 0.690511661312517
"20" 0.770985650905601 0.765824808383614 0.770985724904612 0.74037844931739 0.741700050847254 0.672307874157079 0.64546046853236 0.777822367286261
"21" 0.692079694013154 0.709538774477457 0.692079704440347 0.651616109232934 0.651270291721346 0.662048082171811 0.64199713537926 0.739647923847329
"22" 0.645275173706401 0.65527051880958 0.645275017639745 0.595999353050104 0.609546206856621 0.64541922536165 0.6176237641075 0.739391902573417
"23" 0.786416968790342 0.796540923282425 0.786416978906118 0.726966286508515 0.728522739412972 0.656947710832702 0.612347228307503 0.773209623158563
"24" 0.630884132299684 0.62980619603114 0.63088414421864 0.61687225920176 0.616356109118632 0.618121279377816 0.558689485594188 0.690533869286133
"25" 0.637606632092456 0.636744946795441 0.637606674051227 0.590920769520863 0.585471603717928 0.51145335070187 0.461931608265528 0.692822378839291
"26" 0.732314274427075 0.716217975021145 0.732314356952735 0.710956710493732 0.719619534098346 0.651147645804784 0.670005198310664 0.724653629885773
"27" 0.698887517380341 0.693252485566395 0.698887591726527 0.658934490095597 0.656323952314733 0.683763962188842 0.666869243024711 0.722534500288073
"28" 0.698760430794393 0.69807042020653 0.698760470729655 0.64148920087773 0.648700342204847 0.670594552127162 0.64376842991356 0.694496128151732
"29" 0.599940592337174 0.60145109290577 0.599940616716654 0.576077424720456 0.572641879216526 0.572961591212808 0.571205148459986 0.616754263551651
"30" 0.677254826796194 0.684490751320692 0.67725473268656 0.639316415565647 0.639617471926439 0.592787850644547 0.574901238632995 0.693474923414519
