"rda_pc" "rona_pc" "gf_pc"
"1" 0.692689884097385 0.649589328642367 0.550188644689408
"2" 0.609082550808261 0.567077335134536 0.577116249055315
"3" 0.554940050272122 0.573328124231546 0.602896274586751
"4" 0.720128794797048 0.721913933085828 0.644711910800665
"5" 0.713159330615251 0.72018295029132 0.619188796477975
"6" 0.66053523197872 0.6580179016876 0.412001089883265
"7" 0.745722718993965 0.698245845203227 0.589442094929362
"8" 0.718109332558112 0.69117787858997 0.655204935117397
"9" 0.624410682334806 0.614768803553329 0.498418136107413
"10" 0.638817743323976 0.634767490236907 0.623603105633614
"11" 0.750993123171885 0.731273797961713 0.666082782761256
"12" 0.725008580897706 0.689198821977076 0.57829069960676
"13" 0.545553536649374 0.581825351923907 0.551030576920042
"14" 0.623992316077849 0.651138880338903 0.526956933031633
"15" 0.556090662479694 0.59833769686749 0.448333425492658
"16" 0.650059529758534 0.670763452735987 0.573651787768217
"17" 0.567880473972034 0.584310313234774 0.564462377089985
"18" 0.611299797246363 0.612765772865352 0.5467766108178
"19" 0.655390420966848 0.666706948553178 0.577165169296985
"20" 0.679827330119267 0.692514154715776 0.666029372766948
"21" 0.697477162052911 0.666311023550591 0.669682835786288
"22" 0.671029890882944 0.644241472081657 0.595851517134143
"23" 0.727205150888494 0.665487855080742 0.702076691255913
"24" 0.638548847178745 0.646286165173105 0.58117700603998
"25" 0.64442115481781 0.606306249965237 0.482220782941432
"26" 0.639811780318038 0.670921005220492 0.676310935803652
"27" 0.607804466827495 0.621433031636149 0.662281340569462
"28" 0.592815194577278 0.564801008764755 0.671772237026486
"29" 0.615443255726754 0.593884815150402 0.586218814520801
"30" 0.61283557973656 0.630874945106987 0.595541605288963
