"gg" "rda" "rda_conf" "rona" "rona_conf" "gf" "gf_conf" "distance"
"1" 0.424770818661527 0.439799962292393 0.424770708180097 0.383713098177127 0.378695599474052 0.337816036926546 0.440464966895795 0.392861327651303
"2" 0.593840769593902 0.592603820098665 0.593840946807222 0.518411081546029 0.532367937263499 0.528595103339471 0.619364310163916 0.61270268334936
"3" 0.490919644442882 0.49392263045291 0.49091967444871 0.462051616394203 0.449156091819796 0.437004690805165 0.528106846735075 0.487692496513781
"4" 0.415671509089132 0.408812224765034 0.415671566876837 0.415452887037625 0.423300989637704 0.435017600806126 0.508821217878993 0.410910882908319
"5" 0.451127483438333 0.452852261677933 0.451127476105818 0.467680082696281 0.464166226548053 0.461652742313725 0.520581408052506 0.447947485756003
"6" 0.488748305986033 0.480258177003698 0.488748353191224 0.455727431210365 0.477404817559042 0.436067552115855 0.557108312215236 0.49215433549036
"7" 0.534047712349403 0.519263350621939 0.534047865938369 0.441112696074274 0.445796357863507 0.384967208947664 0.470956897726636 0.556034437666182
"8" 0.506771639737808 0.504174721901181 0.5067715998283 0.452780967606982 0.456323366563008 0.483556650801296 0.576197438512536 0.49026183427033
"9" 0.597892793388637 0.602154673905047 0.59789268222388 0.576028616100315 0.578345577300753 0.540288414454658 0.639644799138437 0.56624224169735
"10" 0.361004631646664 0.358211531138571 0.361004686564701 0.37066666652436 0.370911817899396 0.433962071214285 0.497380910791376 0.385263842292137
"11" 0.493599329479948 0.474409843911006 0.493599513414469 0.438392525938917 0.44582986293905 0.444273255531156 0.521313961467255 0.498328524381627
"12" 0.435305138923783 0.440244415978676 0.435305074005684 0.448496547660319 0.443935369154608 0.400523448771782 0.464641324657896 0.432085272042497
"13" 0.449138929459019 0.432918122176924 0.449139037702677 0.409065839831615 0.424870897615607 0.423552905403468 0.509801994588407 0.428199880514717
"14" 0.488681956582762 0.487946445095756 0.48868196019484 0.468836249837877 0.460519202397874 0.451449233171609 0.568495776427723 0.490142175200615
"15" 0.510467405710547 0.502171590766824 0.510467472866115 0.496438688750849 0.498927300171296 0.410891582476898 0.531711353022366 0.476313021164041
"16" 0.548147482924842 0.552164194501572 0.548147484818398 0.527408901445492 0.532465109423162 0.576998914964022 0.569715859179307 0.547222144141073
"17" 0.477402748852036 0.481142149746933 0.477402709630857 0.43867665327264 0.440002378481428 0.434526143930184 0.547491752600337 0.474035448642167
"18" 0.335353930142522 0.315690019137937 0.335354120145783 0.355669276325519 0.357556082595527 0.373804728091026 0.488538353536014 0.352632315023909
"19" 0.504099387311821 0.498684738446051 0.504099418554703 0.453004334241146 0.453243842709947 0.477502294658048 0.571883797500912 0.504411605173861
"20" 0.56788680379949 0.56721694353934 0.567886820942353 0.519660194954443 0.523670646566127 0.509497253591249 0.622877011396607 0.547880897427828
"21" 0.461857989234545 0.435491914829283 0.461858066171201 0.415159015997281 0.445372658305724 0.490548803182388 0.578146104139325 0.481241012181985
"22" 0.502077187896417 0.504471680719966 0.502077178887266 0.48636871306953 0.478815455425641 0.464040933392009 0.563583288902685 0.489244349235496
"23" 0.392252701530264 0.394700699051106 0.392252705777934 0.40309078477835 0.400461740391683 0.351224305964987 0.429326837402699 0.385468001930508
"24" 0.316079836782848 0.290145419453419 0.316080057185656 0.326468031290196 0.335249975127136 0.314098462815482 0.377091040846581 0.337234911594072
"25" 0.395399826390811 0.398879355253018 0.395399799093734 0.377647038755243 0.368814156351108 0.345741825051553 0.449821269963313 0.43072378285148
"26" 0.47192208233553 0.465551468807268 0.47192215503679 0.441188372405331 0.446036363667911 0.43887223339458 0.507663046748129 0.479418567651201
"27" 0.597746905613626 0.567824698364918 0.597747151927997 0.5551864611216 0.567774430466424 0.542175073381174 0.633521642683263 0.573490162710962
"28" 0.515431589627469 0.503634977354013 0.515431661890315 0.445202087168333 0.456102693488997 0.467557088777009 0.541340880994889 0.522333471579005
"29" 0.472333684501493 0.468346188653265 0.472333728691172 0.44584789997806 0.442533784251869 0.426045207897281 0.503314735307729 0.484355751995478
"30" 0.399584155749035 0.388761763799161 0.399584294280773 0.397136841748266 0.399167302667683 0.367804077770996 0.44828763057462 0.411043234466299
