"gg" "rda" "rda_conf" "rona" "rona_conf" "gf" "gf_conf" "distance"
"1" 0.399326894736988 0.415833668344748 0.399326732529039 0.354154952985795 0.347460138878457 0.251350088634795 0.222878255356064 0.392861327651303
"2" 0.5230762558124 0.530013329545868 0.523076436815212 0.460737226206667 0.452289096969993 0.467907919655582 0.459017804412643 0.61270268334936
"3" 0.483773566892331 0.482268581697974 0.483773648175378 0.455908360607565 0.450099923985159 0.387636138061983 0.335049370659483 0.487692496513781
"4" 0.416075895561389 0.41503994842602 0.416075945814615 0.414978890480873 0.417343564403189 0.407822045992499 0.401395344902613 0.410910882908319
"5" 0.429991270791406 0.436552124872417 0.429991212488018 0.438469980710564 0.435866058741279 0.406727666593788 0.38467650652691 0.447947485756003
"6" 0.443958356486337 0.457923072972023 0.443958231685057 0.434308335419068 0.427587467516694 0.330570210476657 0.374915158175651 0.49215433549036
"7" 0.508246812196058 0.493868470170868 0.508247003540102 0.396651687380363 0.402819105604569 0.30595636863229 0.263155833487175 0.556034437666182
"8" 0.486095039464644 0.496236147461657 0.486094944007889 0.436950680668033 0.43806074561125 0.432049483811729 0.420994733528399 0.49026183427033
"9" 0.543472323573644 0.57000978201134 0.543471933034432 0.52305336237462 0.494458693116113 0.487180179463161 0.462737457191813 0.56624224169735
"10" 0.339454800904344 0.331062202747636 0.339454860922589 0.340086125648338 0.341801664993394 0.423757083308816 0.384116033539051 0.385263842292137
"11" 0.50305032698309 0.498275254938057 0.503050480139526 0.443349771662298 0.446473664168622 0.404197765605336 0.356714509403102 0.498328524381627
"12" 0.395982599611149 0.391403113394064 0.395982561434816 0.373127108603007 0.372816968261107 0.368238892262045 0.33463442810466 0.432085272042497
"13" 0.454792689922353 0.44848256572257 0.454792821947501 0.421772423802867 0.427652495952236 0.402744673651434 0.37359948969806 0.428199880514717
"14" 0.47750736182614 0.47929738247678 0.477507325666832 0.446532302607665 0.445473351596811 0.403508367244756 0.372133490011351 0.490142175200615
"15" 0.509099704114472 0.507518554832052 0.509099758061926 0.49012520391149 0.49079868199445 0.38204646776765 0.334337640337492 0.476313021164041
"16" 0.522399547915756 0.530130104967953 0.52239952782983 0.499028573434563 0.494721833948543 0.506236885168765 0.473643929555017 0.547222144141073
"17" 0.476592279539476 0.47626634051166 0.476592239275757 0.433241015486439 0.433455220571534 0.419755230344183 0.407405573583095 0.474035448642167
"18" 0.350973659751637 0.339944492783326 0.350973788346871 0.366127690596982 0.368563250030614 0.321737555575593 0.335278736073885 0.352632315023909
"19" 0.505129790120703 0.505230729795546 0.505129779965555 0.446473659548725 0.445198110133562 0.438729390502317 0.379099469903518 0.504411605173861
"20" 0.566440295403306 0.554303269822746 0.566440348889154 0.507859753193403 0.512732857891457 0.420247466884922 0.363463780475873 0.547880897427828
"21" 0.38819582246301 0.379300441927378 0.388195892755156 0.341172549565157 0.352622385308567 0.425427431235603 0.440160048161745 0.481241012181985
"22" 0.47896524201465 0.483039731467743 0.478965197633745 0.441434790220087 0.437673861780722 0.458627826010449 0.430476559689498 0.489244349235496
"23" 0.379006945838016 0.386185984116252 0.379006924871191 0.37976610623824 0.37345879897885 0.274993988029598 0.237918677834087 0.385468001930508
"24" 0.319582414010734 0.29606104079469 0.319582681984634 0.322173507072025 0.336835988325397 0.312456305500053 0.324509794311089 0.337234911594072
"25" 0.347933208011277 0.352881442272272 0.347933113265878 0.331027928771443 0.327078374035851 0.248798509674082 0.215970027576055 0.43072378285148
"26" 0.472066472788633 0.469668725423044 0.472066540969973 0.443249252663215 0.442778771138729 0.364954242827725 0.354187262360346 0.479418567651201
"27" 0.607513267593287 0.604987942394759 0.607513194294296 0.557836563238607 0.565885197680563 0.499525981584997 0.516770563134828 0.573490162710962
"28" 0.500142822053002 0.505382856223429 0.500142837785216 0.429086620757633 0.424349155160125 0.36895462791829 0.361954383799862 0.522333471579005
"29" 0.46365053996499 0.457804632640106 0.463650615535954 0.429347383947481 0.436570335651543 0.316000467964358 0.2597603801444 0.484355751995478
"30" 0.406902829985815 0.400899433809499 0.406902914821564 0.422616722877222 0.425855642187526 0.333116836167244 0.33115820180017 0.411043234466299
