"rda_pc" "rona_pc" "gf_pc"
"1" 0.405499788961236 0.386822166230084 0.253118238141016
"2" 0.478045855498971 0.486747623632222 0.429360801602208
"3" 0.427592524783018 0.423564148408724 0.381637335090194
"4" 0.383360655045105 0.396129662488565 0.396355780958332
"5" 0.437565227773357 0.449044916364135 0.418409454914682
"6" 0.420686598582553 0.448575813398413 0.340840721404672
"7" 0.582649891257333 0.47939723482519 0.246503430677738
"8" 0.457992238999473 0.441630351503942 0.436135115891009
"9" 0.586957904005782 0.54992401778723 0.500776641807625
"10" 0.399697241448557 0.383192185887992 0.376399363558669
"11" 0.393824949099499 0.364003417887573 0.360428915773506
"12" 0.445818743381913 0.434111458935148 0.356081874456356
"13" 0.473592815718795 0.443683044003899 0.404120985585987
"14" 0.480182705442401 0.457655728921732 0.367559708347998
"15" 0.497248178699357 0.491689709469097 0.268301807736955
"16" 0.552150699569299 0.529155306979168 0.522995615565195
"17" 0.470328489498003 0.435603552250411 0.430237461244086
"18" 0.334654047512988 0.34305823718687 0.329514283067815
"19" 0.487885278883457 0.449887678651153 0.39799273484661
"20" 0.500614269800284 0.455413105542649 0.364117922930812
"21" 0.495412474621895 0.464492409531382 0.448984699786877
"22" 0.406616366735382 0.41556280259767 0.479927225155818
"23" 0.389562710584561 0.399450331524025 0.251650183345846
"24" 0.353590404770732 0.350051766031423 0.323201365338214
"25" 0.409573426323911 0.382678198060261 0.207006205850069
"26" 0.47599706151344 0.451041652809104 0.326982260333325
"27" 0.411915600587488 0.436008892600857 0.496051361112079
"28" 0.519432535760529 0.456908935516293 0.364790032545746
"29" 0.466089128313371 0.43545839675722 0.271474918287543
"30" 0.418339435887861 0.437172989221705 0.337556286566234
